Connect supply profiling

300
313
294
303
306
302
300
305
300
298
mean: 302
296
298
298
300
298
301
301
298
301
304
mean: 299
300
300
304
303
299
301
303
298
297
301
mean: 300
301
303
301
302
295
304
305
301
297
302
mean: 301
303
298
298
297
297
299
296
299
305
303
mean: 299
302
294
298
301
302
299
295
292
300
312
mean: 299
304
300
299
298
296
300
297
299
299
300
mean: 299
299
302
302
301
293
299
298
302
299
300
mean: 299
303
285
300
300
296
299
304
304
296
302
mean: 298
298
302
307
299
297
299
304
300
307
294
mean: 300


Disconnect supply profiling

269
266
264
269
268
265
267
268
272
264
265
267
269
266
266
267
262
264
268
263
269
264
263
267
267
263
267
272
266
269
266
269
267
267
265
267
267
267
267
265
265
266
263
269
269
269
267
263
266
269
267
264
269
265
263
265
271
268
267
270
266
270
269
267
266
268
267
268
270
268
265
265
268
268
268
266
268
264
265
266
265
261
265
268
268
263
266
262
263
267
266
268
267
264
268
268
267
259
263
268
