[Number of completions], [Number of failures]
(Number of completions) Mean, Max, Min
(Number of failures) Mean, Max, Min



Without capacitance reduction
 
AdaptEnergy: [45, 44, 40, 50, 44, 42, 42, 42, 41, 44] [0, 0, 0, 0, 0, 0, 0, 0, 0, 0]
43.4 50 40
0.0 0 0
Samoyed: [34, 32, 32, 44, 35, 33, 31, 34, 34, 32] [8, 8, 8, 8, 8, 8, 8, 8, 8, 8]
34.1 44 31
8.0 8 8
DEBS low: [0, 1, 1, 3, 0, 0, 0, 0, 0, 0] [74, 73, 72, 71, 74, 74, 74, 74, 73, 74]
0.5 3 0
73.3 74 71
DEBS low: [37, 36, 35, 44, 38, 37, 34, 36, 35, 36] [0, 0, 0, 0, 0, 0, 0, 0, 0, 0]
36.8 44 34
0.0 0 0



With 50% capacitance reduction

AdaptEnergy: [49, 43, 40, 44, 46, 46, 44, 41, 44, 52] [0, 0, 0, 0, 0, 0, 0, 0, 0, 0]
44.9 52 40
0.0 0 0
Samoyed: [37, 32, 25, 29, 33, 35, 36, 28, 29, 36] [18, 18, 18, 18, 18, 18, 18, 18, 18, 18]
32.0 37 25
18.0 18 18
DEBS low: [0, 0, 0, 0, 0, 0, 0, 1, 0, 0] [158, 156, 155, 154, 154, 155, 155, 154, 154, 155]
0.1 1 0
155.0 158 154
DEBS low: [44, 40, 37, 38, 42, 43, 42, 39, 40, 46] [0, 0, 0, 0, 0, 0, 0, 0, 0, 0]
41.1 46 37
0.0 0 0



With 66% capacitance reduction

AdaptEnergy: [1, 2, 20, 0, 35, 3, 15, 0, 30, 23] [0, 0, 0, 0, 0, 0, 0, 0, 0, 0]
12.9 35 0
0.0 0 0
Samoyed: [1, 2, 20, 0, 16, 3, 15, 0, 6, 23] [27, 27, 27, 27, 27, 27, 27, 27, 27, 27]
8.6 23 0
27.0 27 27
DEBS low: [0, 0, 0, 0, 0, 0, 0, 0, 0, 0] [241, 236, 238, 234, 235, 249, 236, 234, 236, 234]
0.0 0 0
237.3 249 234
DEBS low: [1, 2, 20, 0, 16, 3, 15, 0, 6, 23] [27, 26, 17, 27, 18, 26, 20, 27, 24, 16]
8.6 23 0
22.8 27 16



With 60% capacitance reduction

AdaptEnergy: [43, 45, 48, 43, 43, 53, 42, 45, 50, 48] [0, 0, 0, 0, 0, 0, 0, 0, 0, 0]
46.0 53 42
0.0 0 0
Samoyed: [15, 33, 36, 2, 34, 1, 16, 34, 36, 4] [23, 23, 23, 23, 23, 22, 23, 23, 23, 22]
21.1 36 1
22.8 23 22
DEBS low: [0, 0, 0, 0, 0, 0, 0, 0, 1, 0] [196, 194, 197, 204, 195, 200, 199, 197, 194, 194]
0.1 1 0
197.0 204 194
DEBS low: [15, 43, 46, 2, 42, 1, 16, 35, 46, 4] [15, 0, 0, 22, 0, 22, 15, 5, 0, 20]
25.0 46 1
9.9 22 0



With 30% capacitance reduction

AdaptEnergy: [41, 51, 38, 39, 41, 39, 42, 44, 48, 37] [0, 0, 0, 0, 0, 0, 0, 0, 0, 0]
42.0 51 37
0.0 0 0
Samoyed: [27, 40, 28, 28, 33, 27, 33, 34, 38, 28] [12, 12, 12, 12, 12, 12, 12, 12, 12, 12]
31.6 40 27
12.0 12 12
DEBS low: [0, 1, 0, 1, 0, 1, 0, 0, 0, 0] [108, 108, 110, 110, 108, 109, 109, 108, 108, 109]
0.3 1 0
108.7 110 108
DEBS low: [36, 45, 35, 37, 38, 34, 37, 39, 44, 34] [0, 0, 0, 0, 0, 0, 0, 0, 0, 0]
37.9 45 34
0.0 0 0