[Number of completions], [Number of failures]
(Number of completions) Mean, Max, Min
(Number of failures) Mean, Max, Min


21/05/2021, 6:45am
Dynamic execution time test, 100uA supply

AdaptEnergy: [95, 91, 85, 86, 70, 93, 87, 85, 82, 90] [0, 0, 0, 0, 0, 0, 0, 0, 0, 0]
86.4 95 70
0.0 0 0
Samoyed: [71, 66, 67, 66, 54, 70, 66, 60, 63, 65] [37, 37, 37, 37, 37, 37, 37, 37, 37, 37]
64.8 71 54
37.0 37 37
DEBS: [94, 89, 85, 85, 68, 93, 86, 82, 81, 89] [0, 0, 0, 0, 0, 0, 0, 0, 0, 0]
85.2 94 68
0.0 0 0


21/05/2021, 6:45am
Dynamic current draw test, 100uA supply
 
AdaptEnergy: [39, 39, 39, 39, 38, 39, 39, 39, 38, 39] [0, 0, 0, 0, 0, 0, 0, 0, 0, 0]
38.8 39 38
0.0 0 0
Samoyed: [27, 26, 25, 26, 23, 25, 28, 27, 22, 24] [37, 37, 37, 37, 37, 37, 37, 37, 37, 37]
25.3 28 22
37.0 37 37
DEBS: [27, 28, 27, 30, 22, 30, 26, 30, 22, 30] [12, 11, 12, 10, 17, 10, 13, 9, 17, 9]
27.2 30 22
12.0 17 9


21/05/2021, 7:15am
Dynamic execution time test, 300uA supply
 
AdaptEnergy: [328, 316, 327, 304, 302, 307, 312, 304, 282, 296] [0, 0, 0, 0, 0, 0, 0, 0, 0, 0]
307.8 328 282
0.0 0 0
Samoyed: [265, 256, 250, 240, 232, 232, 251, 239, 213, 237] [91, 91, 91, 91, 91, 91, 91, 91, 91, 91]
241.5 265 213
91.0 91 91
DEBS: [327, 315, 325, 304, 301, 305, 312, 303, 281, 296] [0, 0, 0, 0, 0, 0, 0, 0, 0, 0]
306.9 327 281
0.0 0 0


21/05/2021, 7:17am
Dynamic execution time test, 500uA supply

AdaptEnergy: [523, 497, 514, 522, 509, 510, 520, 515, 513, 526] [0, 0, 0, 0, 0, 0, 0, 0, 0, 0]
514.9 526 497
0.0 0 0
Samoyed: [463, 435, 458, 462, 444, 457, 466, 448, 458, 460] [87, 87, 87, 87, 87, 87, 87, 87, 87, 87]
455.1 466 435
87.0 87 87
DEBS: [522, 496, 513, 520, 509, 508, 518, 515, 513, 525] [0, 0, 0, 0, 0, 0, 0, 0, 0, 0]
513.9 525 496
0.0 0 0

21/05/2021, 7:21am
Dynamic current draw test, 100uA supply

AdaptEnergy: [39, 39, 38, 38, 38, 38, 38, 39, 39, 38] [0, 0, 0, 0, 0, 0, 0, 0, 0, 0]
38.4 39 38
0.0 0 0
Samoyed: [26, 27, 27, 23, 25, 24, 29, 28, 19, 24] [37, 37, 37, 37, 37, 37, 37, 37, 37, 37]
25.2 29 19
37.0 37 37
DEBS: [29, 29, 21, 22, 28, 24, 26, 32, 23, 25] [10, 10, 18, 17, 11, 15, 13, 7, 16, 14]
25.9 32 21
13.1 18 7

21/05/2021, 7:45am
Dynamic current draw test, 300uA supply

AdaptEnergy: [137, 137, 137, 138, 138, 138, 137, 138, 136, 137] [0, 0, 0, 0, 0, 0, 0, 0, 0, 0]
137.3 138 136
0.0 0 0
Samoyed: [97, 97, 96, 96, 96, 96, 96, 96, 97, 96] [96, 97, 96, 96, 96, 96, 96, 96, 97, 96]
96.3 97 96
96.2 97 96
DEBS: [137, 137, 137, 138, 138, 138, 137, 139, 136, 137] [0, 0, 0, 0, 0, 0, 0, 0, 0, 0]
137.4 139 136
0.0 0 0

21/05/2021, 7:52am
Dynamic current draw test, 500uA supply

AdaptEnergy: [237, 236, 236, 237, 235, 236, 236, 236, 235, 236] [0, 0, 0, 0, 0, 0, 0, 0, 0, 0]
236.0 237 235
0.0 0 0
Samoyed: [199, 198, 201, 200, 201, 204, 200, 200, 200, 195] [102, 102, 103, 102, 103, 102, 103, 102, 103, 102]
199.8 204 195
102.4 103 102
DEBS: [237, 237, 236, 237, 235, 236, 236, 237, 236, 237] [0, 0, 0, 0, 0, 0, 0, 0, 0, 0]
236.4 237 235
0.0 0 0