Task: UART data send, 128 bytes
    Time: ~10.987ms
    Profiling threshold: 2.7V
    Date: 29 Jul 2021


Online profiling results:

699
683
711
701
704
718
691
720
719
702
V_exe_mean: 701 (705 corrected)
738
721
688
725
687
716
725
690
727
731
V_exe_mean: 710 (715 corrected)
711
711
695
715
734
727
734
696
704
764
V_exe_mean: 715 (719 corrected)
707
691
710
715
690
719
711
689
722
696
V_exe_mean: 701 (705 corrected)
696
722
716
695
712
692
726
714
690
718
V_exe_mean: 704 (708 corrected)
706
717
694
706
724
688
715
725
688
724
V_exe_mean: 703 (709 corrected)
711
720
686
701
719
704
682
716
716
683
V_exe_mean: 700 (704 corrected)
702
722
707
688
715
714
692
722
710
685
V_exe_mean: 702 (706 corrected)
705
727
705
699
722
727
696
693
719
724
V_exe_mean: 706 (712 corrected)
692
689
694
728
706
694
726
726
696
695
V_exe_mean: 699 (705 corrected)


Offline measured value:

Mean: 665mV
Converted to ADC reading: 745





Task: UART data send, 128 bytes
    Time: ~10.987ms
    Profiling threshold: 2.7V
    Date: 5 Aug 2021

Online profiling results:

790
767
738
690
657
644
802
736
726
732
mean: 728
734
738
708
692
626
801
728
791
778
699
mean: 729
635
791
755
767
742
723
693
624
814
734
mean: 727
719
724
701
680
650
649
770
756
759
746
mean: 715
764
761
754
726
707
664
637
796
727
732
mean: 726
750
774
775
767
774
759
757
743
737
704
mean: 754
755
764
626
653
685
722
759
807
627
669
mean: 717
660
753
748
701
661
743
743
682
787
739
mean: 721
736
725
645
790
725
712
626
802
754
713
mean: 722
637
805
744
704
632
801
742
706
634
795
mean: 720

Offline measured value:
645mV
655mV
655mV
650mV
655mV
Mean: 652mV
Converted to ADC reading: 741